# Created by Octave 6.4.0, Mon Apr 07 20:39:57 2025 IST <hitesh1094@Pavilion-Aero>
# name: P
# type: scalar
1


