# Created by Octave 6.4.0, Mon Apr 07 20:40:41 2025 IST <hitesh1094@Pavilion-Aero>
# name: Round_spheri_rough
# type: matrix
# rows: 1
# columns: 7
 0 0 0 0 0 0 0


